-11344.000000 -1180.000000 10512.000000
-11992.000000 -1416.000000 9244.000000
-12660.000000 -1636.000000 10168.000000
-12848.000000 -1764.000000 10396.000000
-12804.000000 -1788.000000 10764.000000
-8036.000000 -2892.000000 6884.000000
-11612.000000 -2464.000000 9644.000000
-11668.000000 -3296.000000 10728.000000
-11052.000000 -1936.000000 11256.000000
-11324.000000 -2808.000000 12308.000000
-11124.000000 -1608.000000 11636.000000
-9912.000000 -3140.000000 11392.000000
-9572.000000 -4028.000000 10664.000000
-9364.000000 -4736.000000 11836.000000
-10020.000000 -4680.000000 11676.000000
-10292.000000 -4852.000000 11352.000000
-10520.000000 -4460.000000 12868.000000
-10324.000000 -4792.000000 11480.000000
-10660.000000 -4536.000000 11264.000000
-10716.000000 -4680.000000 10940.000000
-10552.000000 -4580.000000 10984.000000
-11004.000000 -4384.000000 10868.000000
-11196.000000 -4124.000000 10912.000000
-11344.000000 -4060.000000 11056.000000
-11124.000000 -4012.000000 11284.000000
-11188.000000 -3976.000000 11284.000000
-11340.000000 -3940.000000 11364.000000
-11148.000000 -4028.000000 11508.000000
-10836.000000 -3976.000000 11188.000000
-10904.000000 -3764.000000 11640.000000
-10640.000000 -3676.000000 11736.000000
-10580.000000 -3600.000000 11816.000000
-10832.000000 -3436.000000 12008.000000
-11748.000000 -3736.000000 12564.000000
-12120.000000 -4088.000000 13076.000000
-12224.000000 -4268.000000 12932.000000
-11744.000000 -4064.000000 12568.000000
-12500.000000 -5096.000000 12156.000000
-9976.000000 -2936.000000 13056.000000
-9552.000000 -2284.000000 11696.000000
-7992.000000 -2444.000000 11988.000000
-6444.000000 -892.000000 11932.000000
-6236.000000 -312.000000 12596.000000
-4964.000000 -60.000000 11580.000000
-5884.000000 -592.000000 12512.000000
-5600.000000 -1160.000000 12080.000000
-7336.000000 -1656.000000 12164.000000
-8568.000000 -2808.000000 12472.000000
-10444.000000 -2576.000000 12252.000000
-10808.000000 -2872.000000 11152.000000
-11300.000000 -2876.000000 11892.000000
-11148.000000 -3228.000000 11660.000000
-11180.000000 -3496.000000 11236.000000
-10924.000000 -3688.000000 11312.000000
-11124.000000 -3004.000000 11028.000000
-12328.000000 -3072.000000 11656.000000
-11576.000000 -2660.000000 13668.000000
-12868.000000 -3156.000000 11776.000000
-12576.000000 -2816.000000 10268.000000
-12576.000000 -2904.000000 9748.000000
-12816.000000 -2896.000000 9768.000000
-13004.000000 -2344.000000 9236.000000
-13008.000000 -2488.000000 9472.000000
-13104.000000 -2568.000000 9200.000000
-12860.000000 -2600.000000 8728.000000
-12616.000000 -2984.000000 8736.000000
-13408.000000 -2992.000000 8308.000000
-13416.000000 -2244.000000 8680.000000
-13744.000000 -1908.000000 8080.000000
-13660.000000 -2992.000000 7760.000000
-13812.000000 -1976.000000 7468.000000
-15080.000000 -2340.000000 7220.000000
-14472.000000 -2048.000000 7420.000000
-14792.000000 -2332.000000 6844.000000
-14960.000000 -2272.000000 6460.000000
-15516.000000 -1924.000000 6440.000000
-14820.000000 -1436.000000 5788.000000
-14884.000000 -1048.000000 5168.000000
-15852.000000 -948.000000 4332.000000
-15212.000000 -668.000000 4080.000000
-15220.000000 -236.000000 1580.000000
-16336.000000 -940.000000 1072.000000
-16272.000000 -656.000000 -1708.000000
-15520.000000 20.000000 -1940.000000
-15800.000000 456.000000 -4196.000000
-15116.000000 908.000000 -2092.000000
-15712.000000 -124.000000 -3724.000000
-15640.000000 824.000000 -5768.000000
-15560.000000 328.000000 -7128.000000
-15404.000000 840.000000 -8204.000000
-14816.000000 1012.000000 -9420.000000
-13772.000000 856.000000 -7944.000000
-14044.000000 1000.000000 -10720.000000
-13268.000000 664.000000 -11436.000000
-13020.000000 580.000000 -11856.000000
-12220.000000 876.000000 -11668.000000
-11696.000000 1108.000000 -11960.000000
-11048.000000 276.000000 -12464.000000
-10580.000000 752.000000 -12348.000000
-10744.000000 572.000000 -12900.000000
-9988.000000 404.000000 -13060.000000
-9692.000000 964.000000 -13340.000000
-9320.000000 744.000000 -13708.000000
-8644.000000 696.000000 -14064.000000
-8096.000000 860.000000 -14480.000000
-7956.000000 532.000000 -14916.000000
-7600.000000 720.000000 -15480.000000
-7352.000000 996.000000 -15364.000000
-6464.000000 632.000000 -15760.000000
-5540.000000 1484.000000 -15900.000000
-5736.000000 884.000000 -16848.000000
-4036.000000 844.000000 -17500.000000
-4428.000000 828.000000 -17000.000000
-3004.000000 1380.000000 -17156.000000
-2732.000000 1868.000000 -16280.000000
-2192.000000 1444.000000 -16132.000000
-1628.000000 1040.000000 -16236.000000
1664.000000 1112.000000 -23404.000000
304.000000 1304.000000 -18492.000000
528.000000 1536.000000 -16516.000000
952.000000 1672.000000 -17472.000000
2212.000000 1932.000000 -17192.000000
1656.000000 2048.000000 -16844.000000
2712.000000 2484.000000 -16804.000000
2796.000000 2292.000000 -16328.000000
3972.000000 2168.000000 -16860.000000
4160.000000 1832.000000 -15692.000000
4856.000000 2516.000000 -15340.000000
-332.000000 1528.000000 -13168.000000
6796.000000 1828.000000 -16300.000000
6360.000000 868.000000 -15796.000000
7220.000000 960.000000 -15760.000000
8252.000000 1876.000000 -16220.000000
7212.000000 2088.000000 -14096.000000
8544.000000 2124.000000 -13716.000000
9296.000000 1508.000000 -14044.000000
10372.000000 1448.000000 -13640.000000
9840.000000 1448.000000 -13740.000000
10656.000000 2148.000000 -12776.000000
11540.000000 1240.000000 -11212.000000
11676.000000 1764.000000 -11788.000000
12900.000000 576.000000 -11256.000000
13316.000000 1596.000000 -10816.000000
13296.000000 1508.000000 -9740.000000
13628.000000 2336.000000 -10036.000000
14044.000000 2624.000000 -9468.000000
14128.000000 2372.000000 -9056.000000
14468.000000 2428.000000 -8408.000000
15124.000000 2812.000000 -8368.000000
15944.000000 1516.000000 -7120.000000
15180.000000 3080.000000 -6968.000000
15392.000000 2968.000000 -6020.000000
15856.000000 3512.000000 -5404.000000
15440.000000 2964.000000 -4880.000000
15968.000000 3192.000000 -3864.000000
15244.000000 2336.000000 -2500.000000
14712.000000 2976.000000 -4324.000000
15328.000000 3388.000000 -2596.000000
14848.000000 3856.000000 -2716.000000
15112.000000 3260.000000 -2040.000000
15644.000000 3744.000000 -2032.000000
15644.000000 3340.000000 -540.000000
16092.000000 3580.000000 1432.000000
15932.000000 4280.000000 1160.000000
16608.000000 3380.000000 1964.000000
17120.000000 4596.000000 2044.000000
14612.000000 4904.000000 4660.000000
16032.000000 5296.000000 2260.000000
16400.000000 4556.000000 552.000000
14288.000000 4000.000000 4720.000000
14276.000000 4932.000000 5008.000000
16796.000000 4412.000000 3632.000000
15320.000000 4204.000000 3316.000000
14512.000000 5420.000000 3064.000000
13428.000000 5880.000000 3432.000000
14708.000000 6320.000000 4024.000000
15124.000000 6528.000000 4712.000000
14448.000000 6760.000000 5588.000000
15628.000000 6300.000000 6392.000000
13928.000000 6520.000000 5668.000000
12944.000000 6204.000000 6972.000000
12920.000000 6376.000000 7060.000000
12008.000000 6924.000000 8004.000000
12196.000000 7532.000000 8412.000000
11956.000000 7996.000000 8408.000000
11384.000000 8084.000000 8888.000000
10792.000000 8096.000000 8564.000000
12184.000000 6848.000000 10756.000000
10248.000000 7508.000000 7464.000000
9168.000000 8416.000000 8792.000000
8512.000000 8616.000000 10372.000000
8004.000000 9304.000000 9416.000000
7664.000000 9696.000000 9836.000000
8152.000000 10464.000000 9336.000000
8252.000000 10472.000000 9080.000000
7708.000000 10084.000000 9220.000000
7312.000000 10476.000000 9348.000000
7924.000000 9908.000000 9372.000000
7652.000000 10700.000000 9196.000000
5752.000000 10208.000000 10472.000000
6216.000000 10964.000000 9332.000000
4340.000000 11232.000000 9264.000000
3572.000000 12872.000000 8464.000000
5960.000000 13112.000000 7580.000000
6280.000000 13644.000000 6224.000000
6488.000000 13376.000000 6368.000000
3508.000000 14172.000000 8136.000000
4204.000000 13864.000000 6612.000000
4304.000000 13260.000000 6500.000000
4796.000000 13952.000000 6272.000000
4520.000000 14380.000000 5756.000000
4340.000000 14656.000000 6604.000000
4672.000000 14468.000000 7164.000000
-328.000000 15028.000000 9324.000000
2564.000000 15116.000000 8936.000000
4508.000000 14936.000000 6164.000000
3264.000000 15972.000000 5788.000000
3268.000000 15996.000000 6500.000000
2600.000000 14816.000000 7372.000000
2468.000000 13844.000000 8036.000000
1836.000000 13596.000000 8052.000000
3008.000000 12480.000000 7812.000000
2128.000000 12988.000000 7412.000000
2260.000000 13228.000000 6836.000000
1648.000000 13808.000000 6408.000000
2020.000000 13756.000000 6472.000000
2108.000000 13804.000000 6648.000000
2036.000000 13944.000000 6740.000000
1884.000000 14332.000000 6876.000000
2424.000000 15084.000000 6844.000000
2624.000000 14172.000000 6180.000000
2432.000000 13624.000000 6924.000000
-744.000000 15280.000000 6972.000000
4816.000000 16156.000000 5964.000000
2592.000000 15028.000000 5860.000000
2600.000000 15992.000000 4900.000000
4428.000000 16432.000000 6520.000000
2856.000000 14904.000000 4468.000000
2168.000000 14616.000000 6104.000000
3052.000000 15404.000000 6040.000000
116.000000 13676.000000 5108.000000
1416.000000 14220.000000 4908.000000
3976.000000 15072.000000 4616.000000
1548.000000 15252.000000 4752.000000
2480.000000 16532.000000 3668.000000
2864.000000 16080.000000 3740.000000
3044.000000 16208.000000 3812.000000
2676.000000 16200.000000 4108.000000
2228.000000 16212.000000 3880.000000
1108.000000 15912.000000 3420.000000
1988.000000 15724.000000 3732.000000
1940.000000 15768.000000 3000.000000
2420.000000 15764.000000 3208.000000
2188.000000 15468.000000 2820.000000
2692.000000 15500.000000 2724.000000
2724.000000 15508.000000 1700.000000
2660.000000 15376.000000 1544.000000
3192.000000 15460.000000 952.000000
2916.000000 15468.000000 912.000000
3332.000000 15936.000000 1324.000000
2676.000000 15740.000000 116.000000
2880.000000 16008.000000 -52.000000
2812.000000 16048.000000 -484.000000
2668.000000 15720.000000 -832.000000
3568.000000 15700.000000 -1004.000000
3320.000000 15388.000000 -992.000000
3240.000000 15652.000000 -2016.000000
3160.000000 15800.000000 -2356.000000
3612.000000 15716.000000 -2468.000000
3272.000000 15644.000000 -3088.000000
3900.000000 15776.000000 -3428.000000
3892.000000 15596.000000 -3736.000000
4032.000000 15568.000000 -3792.000000
3372.000000 15616.000000 -3844.000000
3656.000000 15696.000000 -4676.000000
4412.000000 15056.000000 -3920.000000
4364.000000 14504.000000 -3916.000000
4924.000000 14852.000000 -4000.000000
4684.000000 14668.000000 -3932.000000
5500.000000 14480.000000 -4736.000000
5472.000000 14480.000000 -5436.000000
5788.000000 14460.000000 -6504.000000
6056.000000 14112.000000 -7212.000000
6536.000000 13716.000000 -7536.000000
6388.000000 13104.000000 -8648.000000
6848.000000 13696.000000 -8144.000000
7212.000000 12780.000000 -8776.000000
6900.000000 12892.000000 -8780.000000
7316.000000 12348.000000 -8952.000000
7128.000000 11960.000000 -8808.000000
7344.000000 10760.000000 -8964.000000
7256.000000 11900.000000 -8612.000000
1752.000000 12632.000000 -1764.000000
7564.000000 11108.000000 -7640.000000
8072.000000 10320.000000 -9204.000000
8776.000000 10244.000000 -8984.000000
8100.000000 7596.000000 -11160.000000
7480.000000 10496.000000 -10348.000000
8320.000000 10284.000000 -11932.000000
10488.000000 9500.000000 -11048.000000
10188.000000 9076.000000 -10672.000000
10696.000000 8204.000000 -12084.000000
10348.000000 9864.000000 -10704.000000
9444.000000 9316.000000 -9124.000000
9680.000000 9248.000000 -10400.000000
11752.000000 8360.000000 -9224.000000
11560.000000 7768.000000 -8788.000000
11996.000000 7764.000000 -9392.000000
12236.000000 7100.000000 -8968.000000
13148.000000 7600.000000 -8648.000000
13552.000000 7044.000000 -8704.000000
12524.000000 5888.000000 -6444.000000
13584.000000 5148.000000 -7500.000000
14012.000000 4632.000000 -7672.000000
14056.000000 4448.000000 -6692.000000
13952.000000 3832.000000 -6564.000000
14740.000000 3708.000000 -5932.000000
14952.000000 3948.000000 -5536.000000
15716.000000 4036.000000 -5176.000000
15296.000000 4596.000000 -3952.000000
15820.000000 3880.000000 -4072.000000
15644.000000 3384.000000 -2932.000000
16540.000000 3056.000000 -3272.000000
15788.000000 2640.000000 -3028.000000
16284.000000 2328.000000 -2552.000000
15952.000000 1668.000000 -2052.000000
16540.000000 2112.000000 -1084.000000
15732.000000 1696.000000 -636.000000
15680.000000 928.000000 -596.000000
15856.000000 -156.000000 -596.000000
16280.000000 932.000000 28.000000
15276.000000 -936.000000 -948.000000
15280.000000 -320.000000 316.000000
17372.000000 -924.000000 956.000000
17052.000000 -1000.000000 928.000000
16744.000000 -1596.000000 1068.000000
15980.000000 -2776.000000 804.000000
15460.000000 -3064.000000 1252.000000
15620.000000 -2084.000000 2040.000000
15640.000000 -2736.000000 816.000000
14780.000000 -4528.000000 816.000000
15780.000000 -3580.000000 2804.000000
15864.000000 -3796.000000 2508.000000
15648.000000 -2808.000000 3212.000000
15628.000000 -3088.000000 3272.000000
15472.000000 -3892.000000 3536.000000
15144.000000 -4432.000000 3728.000000
14640.000000 -5812.000000 4260.000000
14852.000000 -6204.000000 4712.000000
14440.000000 -6320.000000 4996.000000
14316.000000 -6748.000000 5332.000000
14960.000000 -6924.000000 5644.000000
13980.000000 -6552.000000 5932.000000
13140.000000 -6648.000000 6076.000000
12448.000000 -6804.000000 6928.000000
11212.000000 -6844.000000 7908.000000
11400.000000 -7560.000000 9176.000000
10908.000000 -7220.000000 8768.000000
11208.000000 -8468.000000 10248.000000
9724.000000 -8740.000000 9976.000000
7904.000000 -8540.000000 10596.000000
7032.000000 -9056.000000 10364.000000
6392.000000 -8764.000000 11028.000000
6860.000000 -9408.000000 10368.000000
6216.000000 -10904.000000 11016.000000
4848.000000 -10392.000000 12280.000000
3896.000000 -9536.000000 10864.000000
4212.000000 -11712.000000 10100.000000
4952.000000 -12672.000000 12032.000000
1448.000000 -12000.000000 10488.000000
352.000000 -12052.000000 9912.000000
332.000000 -13032.000000 10912.000000
-456.000000 -14684.000000 10772.000000
-1868.000000 -14356.000000 8816.000000
-2264.000000 -14420.000000 8568.000000
-2436.000000 -14212.000000 7328.000000
-2580.000000 -14736.000000 6520.000000
-2840.000000 -14516.000000 7000.000000
-1528.000000 -16992.000000 9744.000000
-2668.000000 -15620.000000 7676.000000
-4392.000000 -12988.000000 4104.000000
-4392.000000 -13268.000000 4100.000000
-5696.000000 -13812.000000 3756.000000
-6876.000000 -12268.000000 3744.000000
-5444.000000 -14576.000000 776.000000
-4504.000000 -15384.000000 -4140.000000
-6148.000000 -15144.000000 -2476.000000
-7808.000000 -16668.000000 -2620.000000
-9096.000000 -14780.000000 -3232.000000
-7944.000000 -14844.000000 -5028.000000
-8716.000000 -15280.000000 -4252.000000
-7664.000000 -14520.000000 -4988.000000
-7152.000000 -14820.000000 -5564.000000
-6712.000000 -14028.000000 -7148.000000
-5908.000000 -13732.000000 -7224.000000
-5024.000000 -13136.000000 -7876.000000
-4328.000000 -13856.000000 -8448.000000
-4104.000000 -13532.000000 -9384.000000
-4404.000000 -13784.000000 -9940.000000
-3884.000000 -13372.000000 -10104.000000
-3440.000000 -13760.000000 -11268.000000
-2916.000000 -13728.000000 -11740.000000
-1320.000000 -11932.000000 -12412.000000
-3148.000000 -11300.000000 -11384.000000
-1636.000000 -11040.000000 -10032.000000
-2156.000000 -11540.000000 -9364.000000
-13976.000000 -12208.000000 -18212.000000
-952.000000 -11592.000000 -11600.000000
-1748.000000 -13140.000000 -9940.000000
-528.000000 -10248.000000 -10244.000000
740.000000 -10888.000000 -11044.000000
-48.000000 -11544.000000 -11848.000000
-460.000000 -11644.000000 -12756.000000
1396.000000 -10676.000000 -11196.000000
1824.000000 -10752.000000 -12852.000000
2412.000000 -10016.000000 -13772.000000
2508.000000 -10084.000000 -13216.000000
2496.000000 -9788.000000 -12428.000000
3768.000000 -9180.000000 -12872.000000
3252.000000 -9296.000000 -12108.000000
5080.000000 -8644.000000 -14388.000000
5492.000000 -8452.000000 -13152.000000
6048.000000 -8488.000000 -14220.000000
6448.000000 -8292.000000 -12816.000000
7072.000000 -7368.000000 -12872.000000
7608.000000 -6708.000000 -13016.000000
8860.000000 -6508.000000 -12528.000000
10540.000000 -5888.000000 -13160.000000
11916.000000 -6088.000000 -9388.000000
10896.000000 -4924.000000 -11936.000000
10816.000000 -5164.000000 -11876.000000
11708.000000 -5320.000000 -12820.000000
11552.000000 -6240.000000 -13180.000000
12020.000000 -5256.000000 -9808.000000
12416.000000 -4236.000000 -8688.000000
12684.000000 -4304.000000 -9324.000000
13080.000000 -3636.000000 -10852.000000
12484.000000 -2556.000000 -11980.000000
13388.000000 -4588.000000 -7912.000000
14536.000000 -3316.000000 -6668.000000
14980.000000 -3484.000000 -6628.000000
14608.000000 -1524.000000 -5940.000000
14408.000000 -360.000000 -7088.000000
14300.000000 392.000000 -6816.000000
15032.000000 2356.000000 -6984.000000
16416.000000 1224.000000 -7000.000000
15384.000000 2996.000000 -6188.000000
15364.000000 4080.000000 -6416.000000
15320.000000 3756.000000 -6832.000000
16000.000000 5228.000000 -5480.000000
16364.000000 4484.000000 -6072.000000
15724.000000 4740.000000 -5000.000000
13900.000000 6264.000000 -5984.000000
14452.000000 7184.000000 -3888.000000
14380.000000 8620.000000 -2344.000000
14616.000000 7652.000000 -2240.000000
14580.000000 8300.000000 -2180.000000
13932.000000 8528.000000 -1628.000000
14192.000000 9084.000000 -548.000000
13268.000000 9332.000000 300.000000
13836.000000 9868.000000 2588.000000
13688.000000 8832.000000 3880.000000
12660.000000 7436.000000 6424.000000
10516.000000 7672.000000 6876.000000
11928.000000 7264.000000 6120.000000
9288.000000 8380.000000 8236.000000
11460.000000 8252.000000 9424.000000
8332.000000 10664.000000 7532.000000
8332.000000 10684.000000 9912.000000
7388.000000 11104.000000 9080.000000
6184.000000 10756.000000 10336.000000
6348.000000 11424.000000 11068.000000
4504.000000 10820.000000 10696.000000
2240.000000 9704.000000 11036.000000
2528.000000 10576.000000 11268.000000
-516.000000 9992.000000 11244.000000
844.000000 9496.000000 8980.000000
-300.000000 10216.000000 10540.000000
376.000000 10556.000000 10712.000000
-696.000000 11004.000000 12176.000000
-1092.000000 11572.000000 11980.000000
-1688.000000 11828.000000 11816.000000
-2400.000000 12456.000000 11452.000000
-3292.000000 11324.000000 12112.000000
-4172.000000 11084.000000 11512.000000
-5984.000000 11176.000000 10708.000000
-6868.000000 10384.000000 9148.000000
-7952.000000 9768.000000 8588.000000
-9436.000000 9216.000000 8344.000000
-9604.000000 8768.000000 7580.000000
-11144.000000 8568.000000 7204.000000
-12316.000000 8300.000000 6628.000000
-12976.000000 8184.000000 5588.000000
-13460.000000 8212.000000 4532.000000
-14084.000000 7384.000000 2876.000000
-13936.000000 7332.000000 1796.000000
-13852.000000 7520.000000 -32.000000
-14524.000000 7716.000000 -440.000000
-14472.000000 7724.000000 -1424.000000
-12392.000000 9772.000000 -6720.000000
-14260.000000 7540.000000 -2764.000000
-13696.000000 8920.000000 -5084.000000
-14380.000000 6532.000000 -4984.000000
-13544.000000 7284.000000 -5004.000000
-12816.000000 7604.000000 -5912.000000
-12748.000000 7768.000000 -7736.000000
-12140.000000 7504.000000 -8612.000000
-10948.000000 8044.000000 -8936.000000
-9484.000000 8200.000000 -9748.000000
-9032.000000 8224.000000 -10948.000000
-8152.000000 8724.000000 -10756.000000
-7304.000000 8900.000000 -11628.000000
-6440.000000 10316.000000 -12236.000000
-5964.000000 10628.000000 -12256.000000
-4668.000000 11288.000000 -12468.000000
-3420.000000 11624.000000 -11908.000000
-3324.000000 11736.000000 -11256.000000
-2392.000000 12340.000000 -11368.000000
-3908.000000 12636.000000 -9840.000000
856.000000 13636.000000 -12904.000000
-2836.000000 11292.000000 -8340.000000
844.000000 13856.000000 -10280.000000
1064.000000 13408.000000 -9576.000000
1744.000000 13884.000000 -8960.000000
2248.000000 14568.000000 -7936.000000
2124.000000 14828.000000 -7176.000000
1340.000000 15564.000000 -6516.000000
1916.000000 15228.000000 -6088.000000
2340.000000 14188.000000 -6488.000000
3532.000000 14696.000000 -4900.000000
2736.000000 14096.000000 -3144.000000
2712.000000 16120.000000 -4224.000000
1908.000000 15900.000000 -3168.000000
2520.000000 15392.000000 2664.000000
2972.000000 15872.000000 -744.000000
3592.000000 16776.000000 -2328.000000
1892.000000 16776.000000 -1448.000000
1936.000000 15028.000000 660.000000
1740.000000 16604.000000 -424.000000
980.000000 14876.000000 3284.000000
1452.000000 15480.000000 3820.000000
1964.000000 15168.000000 3704.000000
3184.000000 14556.000000 3796.000000
2072.000000 14360.000000 4912.000000
3048.000000 14708.000000 4884.000000
2968.000000 14740.000000 5776.000000
3664.000000 13972.000000 5476.000000
2440.000000 14704.000000 5596.000000
1932.000000 15784.000000 5360.000000
1960.000000 15012.000000 4408.000000
548.000000 16428.000000 6616.000000
2180.000000 15276.000000 5016.000000
1860.000000 14128.000000 5588.000000
732.000000 14004.000000 6968.000000
956.000000 14324.000000 7472.000000
1112.000000 13996.000000 8324.000000
796.000000 12048.000000 9272.000000
-920.000000 12428.000000 11500.000000
-1932.000000 9896.000000 11764.000000
-5020.000000 8856.000000 13168.000000
-6688.000000 8024.000000 13448.000000
-7360.000000 7556.000000 13952.000000
-7796.000000 6636.000000 13144.000000
-9580.000000 5920.000000 12856.000000
-9104.000000 5552.000000 13952.000000
-2752.000000 5376.000000 16252.000000
-9548.000000 4100.000000 17952.000000
-10876.000000 2120.000000 13492.000000
-9304.000000 2608.000000 12704.000000
-11312.000000 2944.000000 11872.000000
-11232.000000 936.000000 11336.000000
-12052.000000 688.000000 10444.000000
-14096.000000 56.000000 10448.000000
-13148.000000 -1924.000000 8692.000000
-13968.000000 -2508.000000 9160.000000
-14616.000000 -4360.000000 10688.000000
-13944.000000 -2580.000000 10332.000000
-13308.000000 -5080.000000 7616.000000
-14324.000000 -4792.000000 8096.000000
-13344.000000 -4860.000000 8084.000000
-13180.000000 -6248.000000 7092.000000
-12416.000000 -6848.000000 7964.000000
-12292.000000 -8260.000000 7680.000000
-12652.000000 -7888.000000 6628.000000
-12560.000000 -8320.000000 6160.000000
-11616.000000 -8700.000000 5500.000000
-10880.000000 -10184.000000 3860.000000
-11440.000000 -11240.000000 2808.000000
-11092.000000 -11020.000000 2216.000000
-11388.000000 -11140.000000 1900.000000
-10816.000000 -11448.000000 1888.000000
-10072.000000 -11024.000000 1080.000000
-10036.000000 -12004.000000 840.000000
-10092.000000 -12456.000000 472.000000
-9064.000000 -12292.000000 -1556.000000
-9220.000000 -13096.000000 -1032.000000
-9552.000000 -13452.000000 -852.000000
-9852.000000 -13308.000000 -1664.000000
-9156.000000 -13332.000000 -2608.000000
-9404.000000 -13068.000000 -2516.000000
-9412.000000 -12868.000000 -3736.000000
-8368.000000 -12800.000000 -4652.000000
-8844.000000 -12880.000000 -4696.000000
-8096.000000 -12632.000000 -4684.000000
-7312.000000 -12692.000000 -5668.000000
-6780.000000 -12988.000000 -6888.000000
-5704.000000 -12324.000000 -7044.000000
-5660.000000 -12820.000000 -7560.000000
-4380.000000 -12804.000000 -8976.000000
-3652.000000 -12184.000000 -9676.000000
-3120.000000 -11532.000000 -10072.000000
-2456.000000 -11100.000000 -11712.000000
-1924.000000 -10556.000000 -12540.000000
-848.000000 -9896.000000 -13940.000000
-284.000000 -9036.000000 -14940.000000
-292.000000 -8680.000000 -16028.000000
-16.000000 -8124.000000 -16464.000000
620.000000 -8192.000000 -16204.000000
1412.000000 -7604.000000 -15928.000000
1376.000000 -7424.000000 -15504.000000
1776.000000 -6480.000000 -14716.000000
3172.000000 -5708.000000 -15904.000000
3864.000000 -5000.000000 -16100.000000
4912.000000 -4388.000000 -16168.000000
3776.000000 -4588.000000 -15556.000000
5360.000000 -3464.000000 -15644.000000
5936.000000 -2856.000000 -16432.000000
6568.000000 -3356.000000 -16556.000000
7476.000000 -1952.000000 -15964.000000
7040.000000 -2044.000000 -15916.000000
7752.000000 -596.000000 -16380.000000
7012.000000 -876.000000 -16220.000000
8932.000000 268.000000 -14468.000000
10832.000000 1192.000000 -16348.000000
9260.000000 1240.000000 -15120.000000
10144.000000 176.000000 -14416.000000
9956.000000 2348.000000 -14960.000000
10520.000000 2496.000000 -12508.000000
12364.000000 4072.000000 -14128.000000
11724.000000 3324.000000 -13048.000000
11764.000000 3096.000000 -11868.000000
12720.000000 3608.000000 -9936.000000
14360.000000 5600.000000 -9136.000000
14496.000000 3820.000000 -10168.000000
12468.000000 4040.000000 -8024.000000
13976.000000 3180.000000 -5776.000000
11876.000000 3336.000000 -5604.000000
13880.000000 2776.000000 -5680.000000
14580.000000 3168.000000 -5824.000000
16692.000000 4936.000000 -4856.000000
14192.000000 5196.000000 -4564.000000
15352.000000 5816.000000 -3076.000000
14940.000000 5472.000000 -3476.000000
15812.000000 4320.000000 -2948.000000
15660.000000 5040.000000 -1776.000000
16256.000000 4268.000000 -1420.000000
15784.000000 5276.000000 -56.000000
14992.000000 5604.000000 1288.000000
14944.000000 4644.000000 1020.000000
14860.000000 3172.000000 2464.000000
15416.000000 3756.000000 3064.000000
15012.000000 4004.000000 4080.000000
14828.000000 3904.000000 5388.000000
13832.000000 3648.000000 6916.000000
12916.000000 3648.000000 8124.000000
12904.000000 3012.000000 8568.000000
12644.000000 2416.000000 9308.000000
13208.000000 2408.000000 9800.000000
11716.000000 2024.000000 11008.000000
10856.000000 1584.000000 11972.000000
10200.000000 328.000000 12164.000000
8996.000000 -852.000000 12960.000000
8172.000000 -1476.000000 13540.000000
6572.000000 -1428.000000 14236.000000
6600.000000 -1560.000000 14152.000000
5656.000000 -2512.000000 13888.000000
6244.000000 -2452.000000 13536.000000
5068.000000 -2172.000000 14724.000000
5308.000000 -2868.000000 14812.000000
4448.000000 -3280.000000 15120.000000
3284.000000 -3132.000000 15504.000000
3256.000000 -4440.000000 15196.000000
2080.000000 -5152.000000 14804.000000
2508.000000 -6480.000000 15540.000000
2652.000000 -7424.000000 15468.000000
1200.000000 -6540.000000 14816.000000
1240.000000 -7196.000000 13644.000000
692.000000 -7124.000000 13724.000000
-1484.000000 -7900.000000 14016.000000
-3324.000000 -8768.000000 14484.000000
-2832.000000 -8896.000000 14416.000000
-3996.000000 -8584.000000 13264.000000
-4380.000000 -8236.000000 12232.000000
-4480.000000 -8296.000000 12908.000000
-6500.000000 -7100.000000 13100.000000
-5376.000000 -7560.000000 14064.000000
-7076.000000 -7124.000000 12656.000000
-8220.000000 -7688.000000 12092.000000
-8700.000000 -6080.000000 10380.000000
-9976.000000 -7044.000000 10448.000000
-9608.000000 -2428.000000 14244.000000
-11824.000000 -5356.000000 10248.000000
-10784.000000 -4108.000000 11496.000000
-10504.000000 -5788.000000 9928.000000
-11888.000000 -5360.000000 10136.000000
-12848.000000 -1140.000000 10352.000000
-14376.000000 -2208.000000 9472.000000
-13996.000000 -1540.000000 7608.000000
-15244.000000 -1128.000000 6656.000000
-14416.000000 -76.000000 5676.000000
-13156.000000 672.000000 5744.000000
-15308.000000 668.000000 5488.000000
-15648.000000 2292.000000 4668.000000
-14052.000000 1052.000000 5140.000000
-12896.000000 1324.000000 2904.000000
-15084.000000 2624.000000 524.000000
-14596.000000 4056.000000 852.000000
-15232.000000 4932.000000 -208.000000
-15208.000000 5128.000000 -1344.000000
-15420.000000 6132.000000 -2292.000000
-15012.000000 6956.000000 -3348.000000
-14700.000000 7744.000000 -4428.000000
-14484.000000 7472.000000 -6180.000000
-13776.000000 8152.000000 -7716.000000
-12400.000000 9576.000000 -8256.000000
-11732.000000 9248.000000 -9240.000000
-11008.000000 9348.000000 -9500.000000
-10136.000000 9784.000000 -9588.000000
-8772.000000 10300.000000 -9564.000000
-8240.000000 10448.000000 -9588.000000
-7268.000000 11164.000000 -9160.000000
-6776.000000 11320.000000 -9136.000000
-6572.000000 12200.000000 -9556.000000
-5948.000000 12788.000000 -9548.000000
-6044.000000 12900.000000 -9968.000000
-4384.000000 13492.000000 -10108.000000
-3184.000000 13016.000000 -10044.000000
-1856.000000 13152.000000 -9812.000000
-676.000000 13532.000000 -9844.000000
560.000000 13372.000000 -10252.000000
772.000000 13084.000000 -10612.000000
1592.000000 12664.000000 -10052.000000
2272.000000 12112.000000 -10284.000000
3684.000000 12384.000000 -9952.000000
4476.000000 11908.000000 -10444.000000
5936.000000 12016.000000 -10004.000000
7008.000000 11236.000000 -9756.000000
8212.000000 10580.000000 -9884.000000
8760.000000 9924.000000 -9048.000000
10072.000000 9840.000000 -8424.000000
10704.000000 9568.000000 -8076.000000
11512.000000 9004.000000 -7108.000000
12160.000000 9144.000000 -6432.000000
12084.000000 7312.000000 -7032.000000
13712.000000 7124.000000 -6824.000000
14004.000000 6524.000000 -6264.000000
14224.000000 6496.000000 -5464.000000
13852.000000 7328.000000 -6120.000000
14444.000000 6668.000000 -4424.000000
15444.000000 7328.000000 -5932.000000
14960.000000 6880.000000 -4336.000000
15552.000000 7148.000000 -4800.000000
13960.000000 6272.000000 -3456.000000
15100.000000 6396.000000 -2812.000000
15184.000000 5376.000000 -2336.000000
14792.000000 6212.000000 -2120.000000
13956.000000 7416.000000 -1344.000000
15180.000000 7248.000000 -1588.000000
14144.000000 7692.000000 1272.000000
13144.000000 8640.000000 352.000000
14004.000000 9688.000000 944.000000
12420.000000 8964.000000 1472.000000
11860.000000 9936.000000 2516.000000
12952.000000 10396.000000 2404.000000
10840.000000 10108.000000 3116.000000
11120.000000 10896.000000 3576.000000
10680.000000 10788.000000 4496.000000
12404.000000 10488.000000 4268.000000
10864.000000 11364.000000 3116.000000
9728.000000 12996.000000 2292.000000
8600.000000 12840.000000 3008.000000
9528.000000 13228.000000 3256.000000
9680.000000 13400.000000 1900.000000
8304.000000 13720.000000 2400.000000
7644.000000 14340.000000 3056.000000
6700.000000 13212.000000 3724.000000
6936.000000 13348.000000 3620.000000
4540.000000 14916.000000 3372.000000
3788.000000 13844.000000 4128.000000
1984.000000 13652.000000 6356.000000
712.000000 13696.000000 5148.000000
-180.000000 14156.000000 5480.000000
-1984.000000 13852.000000 3624.000000
-1992.000000 14504.000000 1840.000000
-3888.000000 15036.000000 1084.000000
-5192.000000 15056.000000 -20.000000
-7532.000000 16112.000000 1868.000000
-7856.000000 14712.000000 -1552.000000
-8504.000000 14680.000000 -3396.000000
-9276.000000 13580.000000 -4372.000000
-11688.000000 12992.000000 -7060.000000
-10496.000000 11180.000000 -8468.000000
-10244.000000 9032.000000 -10956.000000
-9160.000000 7256.000000 -13192.000000
-9092.000000 6324.000000 -13944.000000
-8628.000000 4772.000000 -15308.000000
-8368.000000 4148.000000 -16308.000000
-8468.000000 3072.000000 -14188.000000
-9308.000000 1640.000000 -15668.000000
-8064.000000 1244.000000 -15716.000000
-8796.000000 -644.000000 -13112.000000
-8624.000000 -776.000000 -13872.000000
-8932.000000 -2624.000000 -13048.000000
-8692.000000 -4744.000000 -11788.000000
-8164.000000 -3380.000000 -12800.000000
-9936.000000 -5576.000000 -12200.000000
-9088.000000 -5344.000000 -14144.000000
-7972.000000 -3820.000000 -13560.000000
-8924.000000 -5052.000000 -16804.000000
-8988.000000 -4628.000000 -14024.000000
-10516.000000 -6528.000000 -12420.000000
-9648.000000 -5416.000000 -11196.000000
-11068.000000 -7696.000000 -10884.000000
-9868.000000 -7916.000000 -10320.000000
-10200.000000 -8340.000000 -11120.000000
-10632.000000 -8052.000000 -8248.000000
-9552.000000 -8244.000000 -9368.000000
-9212.000000 -9464.000000 -9672.000000
-9196.000000 -10852.000000 -11044.000000
-9492.000000 -10588.000000 -9664.000000
-9444.000000 -11104.000000 -7456.000000
-8896.000000 -11548.000000 -7540.000000
-8996.000000 -12120.000000 -6504.000000
-9092.000000 -11952.000000 -6012.000000
-10612.000000 -12884.000000 -7696.000000
-9156.000000 -11992.000000 -4672.000000
-7192.000000 -14240.000000 -3024.000000
-7980.000000 -13980.000000 -5900.000000
-9652.000000 -12936.000000 -2864.000000
-9204.000000 -11232.000000 -972.000000
-8348.000000 -12356.000000 -1348.000000
-9032.000000 -12560.000000 -840.000000
-9396.000000 -13476.000000 240.000000
-8832.000000 -13188.000000 472.000000
-9932.000000 -13308.000000 1960.000000
-9928.000000 -13020.000000 2604.000000
-11172.000000 -12628.000000 3188.000000
-11708.000000 -11528.000000 3584.000000
-12452.000000 -12120.000000 3744.000000
-12216.000000 -10604.000000 2588.000000
-11192.000000 -10572.000000 3760.000000
-11316.000000 -11068.000000 4152.000000
-11460.000000 -10852.000000 4756.000000
-11704.000000 -10004.000000 4388.000000
-11464.000000 -8868.000000 4692.000000
-10980.000000 -8296.000000 4908.000000
-11340.000000 -9608.000000 5916.000000
-11200.000000 -8852.000000 5840.000000
-11616.000000 -7824.000000 6896.000000
-11764.000000 -7168.000000 6076.000000
-11788.000000 -5912.000000 5864.000000
-11948.000000 -6276.000000 5944.000000
-13080.000000 -6632.000000 6328.000000
-12712.000000 -4968.000000 5948.000000
-12832.000000 -4408.000000 5972.000000
-15016.000000 -4440.000000 5804.000000
-15208.000000 -2896.000000 5848.000000
-13752.000000 -792.000000 5472.000000
-15860.000000 -2364.000000 5524.000000
-15360.000000 -340.000000 4696.000000
-17368.000000 -520.000000 4308.000000
-17824.000000 -84.000000 3072.000000
-16368.000000 2016.000000 1248.000000
-16812.000000 2064.000000 280.000000
-16200.000000 1876.000000 -1348.000000
-16948.000000 1796.000000 -1840.000000
-16344.000000 2344.000000 -2836.000000
-16316.000000 1796.000000 -3184.000000
-14828.000000 3400.000000 -4768.000000
-16600.000000 3140.000000 -3956.000000
-14244.000000 3592.000000 -5936.000000
-14196.000000 3620.000000 -7016.000000
-13840.000000 4020.000000 -7724.000000
-12496.000000 4096.000000 -9392.000000
-12016.000000 4472.000000 -9820.000000
-11672.000000 3960.000000 -10400.000000
-12280.000000 4460.000000 -11660.000000
-13216.000000 4360.000000 -11136.000000
-12028.000000 4464.000000 -13012.000000
-11060.000000 3252.000000 -12568.000000
-11200.000000 3908.000000 -12608.000000
-6980.000000 6332.000000 -10724.000000
-8164.000000 3908.000000 -14464.000000
-10092.000000 3144.000000 -13712.000000
-9052.000000 3044.000000 -14892.000000
-10700.000000 5288.000000 -13844.000000
-8976.000000 5344.000000 -12876.000000
-7540.000000 2788.000000 -14488.000000
-7768.000000 4228.000000 -13904.000000
-5868.000000 2704.000000 -15776.000000
-6860.000000 3668.000000 -14928.000000
-6444.000000 3836.000000 -13632.000000
-4656.000000 1752.000000 -14584.000000
-5384.000000 1156.000000 -14648.000000
-4652.000000 1620.000000 -17028.000000
-3260.000000 264.000000 -15136.000000
-1972.000000 -232.000000 -15772.000000
16.000000 1296.000000 -15784.000000
620.000000 -624.000000 -15380.000000
1096.000000 -200.000000 -16532.000000
4132.000000 -1184.000000 -16340.000000
4496.000000 -1384.000000 -15456.000000
3768.000000 -2116.000000 -15692.000000
6468.000000 -1644.000000 -18848.000000
7432.000000 -1752.000000 -14140.000000
8124.000000 -2080.000000 -15048.000000
12732.000000 -2328.000000 -11560.000000
11484.000000 -6300.000000 -16936.000000
13936.000000 -1884.000000 -15016.000000
12964.000000 -2328.000000 -8976.000000
12924.000000 -3168.000000 -9416.000000
13812.000000 -3592.000000 -7204.000000
15384.000000 -5340.000000 -6220.000000
16156.000000 -6972.000000 -2632.000000
17048.000000 -6276.000000 -1516.000000
16424.000000 -7284.000000 608.000000
15160.000000 -6640.000000 2084.000000
15180.000000 -6348.000000 2864.000000
13704.000000 -7632.000000 4060.000000
13232.000000 -7168.000000 4696.000000
12132.000000 -8168.000000 5916.000000
10524.000000 -7056.000000 6456.000000
9324.000000 -8876.000000 7604.000000
8228.000000 -7404.000000 7956.000000
12856.000000 -7192.000000 8316.000000
7952.000000 -5216.000000 11572.000000
9728.000000 -7108.000000 12596.000000
8748.000000 -6336.000000 12616.000000
10928.000000 -4516.000000 11808.000000
9344.000000 -4144.000000 13268.000000
8520.000000 -5580.000000 13432.000000
5776.000000 -6684.000000 14672.000000
4904.000000 -6672.000000 14416.000000
3412.000000 -6568.000000 14040.000000
2556.000000 -6160.000000 13928.000000
1712.000000 -5396.000000 13832.000000
320.000000 -5624.000000 14020.000000
-976.000000 -5176.000000 14320.000000
-1636.000000 -4968.000000 14624.000000
-2988.000000 -5300.000000 14404.000000
-3952.000000 -4568.000000 14140.000000
-4968.000000 -4012.000000 13684.000000
-6336.000000 -4456.000000 12612.000000
-7568.000000 -4900.000000 12740.000000
-9364.000000 -5996.000000 11580.000000
-10396.000000 -6264.000000 11652.000000
-11040.000000 -7724.000000 9332.000000
-10648.000000 -8300.000000 9192.000000
-12560.000000 -6644.000000 7468.000000
-13088.000000 -7556.000000 6796.000000
-13204.000000 -8700.000000 6260.000000
-12692.000000 -9408.000000 3944.000000
-13152.000000 -9752.000000 3608.000000
-12612.000000 -10264.000000 2564.000000
-11888.000000 -10356.000000 2208.000000
-11684.000000 -10440.000000 1752.000000
-12060.000000 -10444.000000 -248.000000
-11700.000000 -10016.000000 -508.000000
-10696.000000 -10384.000000 -2712.000000
-11172.000000 -11744.000000 -3388.000000
-10912.000000 -11264.000000 -3732.000000
-10584.000000 -11084.000000 -6296.000000
-9788.000000 -12180.000000 -5240.000000
-10040.000000 -11888.000000 -5928.000000
-7956.000000 -11480.000000 -7560.000000
-7752.000000 -11992.000000 -9304.000000
-7616.000000 -11744.000000 -9580.000000
-6160.000000 -11828.000000 -10480.000000
-5344.000000 -11400.000000 -11328.000000
-5932.000000 -11672.000000 -11564.000000
-4640.000000 -11400.000000 -11360.000000
-3980.000000 -11868.000000 -10856.000000
-3320.000000 -12208.000000 -11656.000000
-3164.000000 -13292.000000 -10876.000000
-2120.000000 -12844.000000 -11316.000000
-2612.000000 -13276.000000 -11108.000000
-2612.000000 -14056.000000 -10368.000000
-1216.000000 -13868.000000 -9860.000000
40.000000 -13500.000000 -10484.000000
864.000000 -13480.000000 -9560.000000
216.000000 -13396.000000 -7608.000000
1936.000000 -14896.000000 -7796.000000
960.000000 -14312.000000 -10164.000000
2136.000000 -14244.000000 -8952.000000
504.000000 -14532.000000 -12088.000000
4252.000000 -16288.000000 -5220.000000
3372.000000 -15272.000000 -2492.000000
2556.000000 -14856.000000 -7436.000000
3824.000000 -14664.000000 -5096.000000
4724.000000 -14248.000000 -4856.000000
5524.000000 -13780.000000 -6020.000000
6612.000000 -14324.000000 -6916.000000
6368.000000 -13956.000000 -6032.000000
8244.000000 -15048.000000 -6248.000000
5784.000000 -13864.000000 -3552.000000
7716.000000 -12896.000000 -5416.000000
7276.000000 -13048.000000 -5260.000000
5104.000000 -14820.000000 -2068.000000
8724.000000 -14104.000000 -2984.000000
8256.000000 -13320.000000 -3552.000000
9400.000000 -13728.000000 -3420.000000
8616.000000 -13072.000000 -4308.000000
7788.000000 -13232.000000 -5012.000000
9424.000000 -13280.000000 -2944.000000
8744.000000 -13424.000000 -2280.000000
8740.000000 -13348.000000 -2036.000000
8252.000000 -13652.000000 -2536.000000
8892.000000 -14716.000000 -980.000000
7884.000000 -15432.000000 -1468.000000
8008.000000 -15188.000000 -728.000000
7616.000000 -14692.000000 -1160.000000
7688.000000 -14148.000000 176.000000
6416.000000 -13424.000000 -92.000000
5872.000000 -13716.000000 -1568.000000
5772.000000 -14520.000000 -1604.000000
6108.000000 -15948.000000 -704.000000
4956.000000 -14588.000000 -1976.000000
4092.000000 -15016.000000 -1732.000000
2600.000000 -14680.000000 -404.000000
1248.000000 -14224.000000 1312.000000
-396.000000 -15108.000000 2164.000000
752.000000 -16008.000000 1472.000000
-596.000000 -15880.000000 -8.000000
-916.000000 -16024.000000 -1464.000000
-1424.000000 -15880.000000 -2912.000000
-2884.000000 -15620.000000 -3656.000000
-4380.000000 -14720.000000 -4692.000000
-5312.000000 -14304.000000 -6264.000000
-5096.000000 -14420.000000 -7684.000000
-5664.000000 -13696.000000 -8584.000000
-5860.000000 -13076.000000 -9804.000000
-6036.000000 -11516.000000 -10884.000000
-5952.000000 -10900.000000 -11528.000000
-6244.000000 -9288.000000 -12740.000000
-5792.000000 -8536.000000 -13556.000000
-6464.000000 -7068.000000 -13884.000000
-6864.000000 -5284.000000 -14532.000000
-6352.000000 -4848.000000 -15000.000000
-7112.000000 -2532.000000 -15100.000000
-6960.000000 -1020.000000 -15544.000000
-6780.000000 -256.000000 -15564.000000
-5652.000000 -516.000000 -16516.000000
-6632.000000 924.000000 -16844.000000
-6984.000000 1584.000000 -15780.000000
-7864.000000 2224.000000 -16928.000000
-7960.000000 3444.000000 -15196.000000
-7664.000000 3760.000000 -15208.000000
-7680.000000 4412.000000 -14940.000000
-7688.000000 4240.000000 -13564.000000
-8184.000000 4900.000000 -12944.000000
-9912.000000 5904.000000 -14052.000000
-10140.000000 8180.000000 -12712.000000
-10540.000000 9964.000000 -9440.000000
-11084.000000 7864.000000 -10632.000000
-9904.000000 10308.000000 -9776.000000
-10696.000000 8276.000000 -8940.000000
-12440.000000 8508.000000 -6096.000000
-11976.000000 10320.000000 -7692.000000
-11048.000000 12980.000000 -6412.000000
-7028.000000 10344.000000 -9212.000000
-10816.000000 10800.000000 -8012.000000
-9988.000000 11060.000000 -3164.000000
-10692.000000 10372.000000 -2088.000000
-11820.000000 10388.000000 -1932.000000
-12320.000000 10916.000000 -1988.000000
-12704.000000 11136.000000 -1548.000000
-11360.000000 11124.000000 -1600.000000
-11092.000000 12028.000000 -1384.000000
-13000.000000 12736.000000 2752.000000
-11680.000000 10952.000000 1676.000000
-11768.000000 10428.000000 1472.000000
-12064.000000 10292.000000 2476.000000
-11960.000000 10256.000000 3272.000000
-11792.000000 10384.000000 4132.000000
-10872.000000 10044.000000 4700.000000
-10924.000000 10224.000000 5844.000000
-10780.000000 10036.000000 7116.000000
-10928.000000 10484.000000 7504.000000
-9932.000000 9788.000000 7232.000000
-9500.000000 8636.000000 9772.000000
-9044.000000 7704.000000 10680.000000
-8632.000000 6892.000000 11156.000000
-7632.000000 5232.000000 10960.000000
-8012.000000 5232.000000 12376.000000
-8416.000000 4152.000000 12808.000000
-10588.000000 5412.000000 14340.000000
-6276.000000 3868.000000 13344.000000
-5748.000000 3412.000000 14092.000000
-6108.000000 2380.000000 13880.000000
-4848.000000 2724.000000 12780.000000
-4896.000000 1568.000000 14196.000000
-4436.000000 1352.000000 14264.000000
-5152.000000 2072.000000 15336.000000
-4304.000000 1980.000000 15604.000000
-3916.000000 548.000000 15524.000000
-2496.000000 408.000000 15900.000000
-2052.000000 480.000000 15896.000000
-2884.000000 -372.000000 15720.000000
-2836.000000 -528.000000 15440.000000
-2612.000000 -1412.000000 14408.000000
-2048.000000 -1084.000000 16164.000000
-2476.000000 -1620.000000 16120.000000
-888.000000 -1812.000000 16280.000000
-712.000000 -1444.000000 16652.000000
-984.000000 -2088.000000 16680.000000
-2744.000000 -2336.000000 17896.000000
-24.000000 -704.000000 15868.000000
196.000000 -884.000000 15476.000000
888.000000 -308.000000 15656.000000
1092.000000 -420.000000 15836.000000
836.000000 -316.000000 15972.000000
300.000000 -664.000000 15980.000000
-108.000000 -1060.000000 16100.000000
