527.210297 73.909918 -255.332059
527.210297 73.909918 -255.332059
544.514948 107.095223 -249.167431
544.514948 107.095223 -249.167431
544.514948 107.095223 -249.167431
534.781082 151.342297 -258.414373
526.128757 156.370373 -262.524125
526.128757 156.370373 -262.524125
528.291838 159.387219 -274.853381
516.394891 171.454603 -270.743629
516.394891 171.454603 -270.743629
501.253322 186.538833 -269.716191
499.090240 206.651139 -295.402141
499.090240 206.651139 -295.402141
491.519456 216.707292 -279.990571
496.927159 214.696061 -278.963133
496.927159 214.696061 -278.963133
491.519456 210.673600 -270.743629
505.579484 207.656754 -274.853381
505.579484 207.656754 -274.853381
505.579484 207.656754 -274.853381
513.150269 199.611832 -279.990571
504.497944 199.611832 -256.359497
504.497944 199.611832 -256.359497
518.557972 190.561294 -279.990571
517.476432 183.521987 -269.716191
517.476432 183.521987 -269.716191
501.253322 191.566909 -265.606439
503.416403 190.561294 -271.771067
503.416403 190.561294 -271.771067
504.497944 180.505141 -285.127761
503.416403 181.510756 -285.127761
503.416403 181.510756 -285.127761
503.416403 181.510756 -302.594207
499.090240 178.493910 -296.429579
499.090240 178.493910 -296.429579
499.090240 178.493910 -296.429579
478.540968 176.482680 -318.005776
481.785590 157.375989 -356.020982
481.785590 157.375989 -356.020982
459.073236 150.336681 -383.761808
433.116261 138.269298 -377.597180
433.116261 138.269298 -377.597180
435.279342 123.185068 -387.871560
446.094748 122.179453 -404.310567
446.094748 122.179453 -404.310567
451.502452 114.134530 -362.185610
466.644021 120.168222 -345.746602
466.644021 120.168222 -345.746602
482.867131 113.128915 -319.033214
498.008700 114.134530 -303.621645
498.008700 114.134530 -303.621645
518.557972 112.123300 -320.060652
521.802594 110.112069 -291.292389
521.802594 110.112069 -291.292389
521.802594 110.112069 -291.292389
527.210297 105.083992 -266.633877
536.944163 111.117684 -261.496687
536.944163 111.117684 -261.496687
534.781082 111.117684 -232.728423
539.107245 107.095223 -211.152226
539.107245 107.095223 -211.152226
545.596488 114.134530 -225.536357
546.678029 117.151376 -212.179664
546.678029 117.151376 -212.179664
558.574976 115.140146 -213.207102
546.678029 116.145761 -180.329086
546.678029 116.145761 -180.329086
557.493436 113.128915 -185.466276
546.678029 109.106454 -163.890078
546.678029 109.106454 -163.890078
546.678029 109.106454 -163.890078
560.738058 102.067146 -155.670574
560.738058 102.067146 -155.670574
560.738058 102.067146 -155.670574
559.656517 99.050301 -131.012063
554.248814 97.039070 -91.969419
554.248814 97.039070 -91.969419
552.085732 88.994147 -61.146279
534.781082 84.971686 -10.801818
534.781082 84.971686 -10.801818
519.639513 72.904302 40.570082
508.824106 70.893072 57.009089
508.824106 70.893072 57.009089
468.807102 67.876226 118.655369
443.931667 64.859380 136.121814
443.931667 64.859380 136.121814
408.240826 62.848149 172.082144
372.549984 52.791996 213.179664
372.549984 52.791996 213.179664
336.859143 64.859380 226.536357
304.412923 68.881841 245.030241
289.271354 71.898687 246.057679
289.271354 71.898687 246.057679
261.151297 67.876226 263.524125
236.275862 56.814457 279.963133
236.275862 56.814457 279.963133
216.808130 57.820073 276.880819
181.117289 53.797612 308.731397
181.117289 53.797612 308.731397
158.404935 53.797612 312.841148
128.121797 67.876226 316.950900
128.121797 67.876226 316.950900
128.121797 67.876226 316.950900
65.392439 66.870611 332.362470
65.392439 66.870611 332.362470
65.392439 66.870611 332.362470
19.967732 72.904302 331.335032
-7.070785 79.943610 329.280156
-7.070785 79.943610 329.280156
-20.049272 77.932379 322.088090
-56.821655 92.010993 322.088090
-56.821655 92.010993 322.088090
-91.430955 88.994147 304.621645
-122.795634 75.921148 292.292389
-122.795634 75.921148 292.292389
-158.486476 65.864995 283.045447
-197.421939 69.887457 280.990571
-197.421939 69.887457 280.990571
-197.421939 69.887457 280.990571
-233.112781 51.786381 279.963133
-261.232838 59.831303 256.332059
-261.232838 59.831303 256.332059
-273.129785 42.735843 235.783299
-312.065248 46.758304 247.085117
-312.065248 46.758304 247.085117
-317.472952 50.780766 219.344292
-351.000712 62.848149 216.261978
-351.000712 62.848149 216.261978
-357.489956 59.831303 187.493714
-382.365391 53.797612 194.685780
-382.365391 53.797612 194.685780
-399.670041 62.848149 150.505946
-421.300854 69.887457 139.204128
-421.300854 69.887457 139.204128
-449.420911 66.870611 133.039501
-472.133265 69.887457 106.326113
-472.133265 69.887457 106.326113
-472.133265 69.887457 106.326113
-487.274834 66.870611 21.048760
-507.824106 59.831303 23.103636
-507.824106 59.831303 23.103636
-515.394891 65.864995 -20.048760
-515.394891 47.763920 -35.460330
-515.394891 47.763920 -35.460330
-515.394891 46.758304 -79.640163
-519.721053 39.718997 -103.271237
-519.721053 39.718997 -103.271237
-519.721053 28.657229 -109.435865
-525.128757 16.589845 -117.655369
-525.128757 16.589845 -117.655369
-525.128757 16.589845 -117.655369
-519.721053 9.550538 -175.191896
-519.721053 9.550538 -175.191896
-519.721053 9.550538 -175.191896
-514.313350 -8.550538 -202.932722
-501.334862 -9.556153 -246.085117
-501.334862 -9.556153 -246.085117
-485.111753 -30.674075 -262.524125
-469.970183 -34.696536 -290.264951
-469.970183 -34.696536 -290.264951
-461.317858 -30.674075 -311.841148
-441.850127 -43.747074 -336.499660
-441.850127 -43.747074 -336.499660
-440.768586 -62.853765 -322.115528
-427.790098 -66.876226 -335.472222
-427.790098 -66.876226 -335.472222
-409.403907 -72.909918 -359.103296
-393.180797 -86.988532 -368.350238
-393.180797 -86.988532 -368.350238
-395.343879 -87.994147 -360.130734
-378.039228 -98.050301 -380.679494
-378.039228 -98.050301 -380.679494
-378.039228 -98.050301 -380.679494
-357.489956 -115.145761 -384.789246
-357.489956 -115.145761 -384.789246
-357.489956 -115.145761 -384.789246
-315.309870 -148.331066 -406.365443
-299.086761 -153.359143 -403.283129
-299.086761 -153.359143 -403.283129
-261.232838 -169.448988 -427.941641
-229.868159 -184.533217 -431.023955
-229.868159 -184.533217 -431.023955
-201.748102 -202.634293 -437.188583
-187.688073 -210.679215 -431.023955
-187.688073 -210.679215 -431.023955
-153.078773 -223.752214 -448.490401
-134.692581 -230.791522 -435.133707
-134.692581 -230.791522 -435.133707
-134.692581 -230.791522 -435.133707
-83.860171 -257.943135 -424.859327
-83.860171 -257.943135 -424.859327
-83.860171 -257.943135 -424.859327
-50.332411 -279.061057 -412.530071
-26.538516 -290.122825 -427.941641
-26.538516 -290.122825 -427.941641
-26.538516 -302.190209 -401.228253
-5.989244 -312.246362 -394.036188
-5.989244 -312.246362 -394.036188
15.641569 -325.319361 -397.118502
15.641569 -336.381129 -356.020982
15.641569 -336.381129 -356.020982
15.641569 -336.381129 -356.020982
54.577033 -358.504666 -337.527098
68.637061 -376.605742 -309.786273
68.637061 -376.605742 -309.786273
70.800142 -378.616972 -289.237513
75.126305 -384.650664 -268.688753
75.126305 -384.650664 -268.688753
95.675577 -395.712433 -271.771067
97.838659 -404.762971 -246.085117
97.838659 -404.762971 -246.085117
98.920199 -395.712433 -243.002803
104.327903 -399.734894 -227.591233
119.469472 -400.740509 -234.783299
119.469472 -400.740509 -234.783299
109.735606 -413.813508 -206.015036
101.083281 -419.847200 -215.261978
101.083281 -419.847200 -215.261978
80.534008 -415.824739 -218.344292
74.044764 -416.830354 -224.508919
74.044764 -416.830354 -224.508919
80.534008 -425.880892 -212.179664
84.860171 -419.847200 -227.591233
84.860171 -419.847200 -227.591233
70.800142 -422.864046 -190.603466
84.860171 -422.864046 -201.905284
84.860171 -422.864046 -201.905284
84.860171 -422.864046 -201.905284
96.757118 -428.897738 -189.576028
96.757118 -428.897738 -189.576028
96.757118 -428.897738 -189.576028
88.104793 -422.864046 -164.917516
89.186333 -423.869661 -149.505946
89.186333 -423.869661 -149.505946
95.675577 -429.903353 -143.341318
100.001740 -432.920199 -147.451070
100.001740 -432.920199 -147.451070
94.594037 -431.914584 -142.313880
87.023252 -431.914584 -139.231566
87.023252 -431.914584 -139.231566
80.534008 -435.937045 -127.929749
79.452468 -426.886507 -146.423632
79.452468 -426.886507 -146.423632
72.963224 -435.937045 -123.819997
70.800142 -434.931430 -115.600493
78.370927 -428.897738 -134.094376
78.370927 -428.897738 -134.094376
48.087789 -431.914584 -84.777353
27.538516 -422.864046 -85.804791
27.538516 -422.864046 -85.804791
-0.581541 -433.925815 -51.899337
-26.538516 -427.892123 -35.460330
-26.538516 -427.892123 -35.460330
-68.718602 -415.824739 -6.692066
-88.186333 -401.746125 -0.527438
-88.186333 -401.746125 -0.527438
-96.838659 -396.718048 -13.884132
-121.714094 -392.695587 25.158512
-121.714094 -392.695587 25.158512
-133.611041 -388.673126 34.405454
-155.241854 -373.588896 44.679834
-155.241854 -373.588896 44.679834
-155.241854 -373.588896 44.679834
-182.280370 -350.459744 42.624958
-199.585021 -350.459744 67.283469
-199.585021 -350.459744 67.283469
-222.297374 -337.386745 78.585287
-225.541996 -333.364283 73.448097
-225.541996 -333.364283 73.448097
-245.009728 -317.274438 60.091403
-252.580512 -317.274438 55.981651
-252.580512 -317.274438 55.981651
-287.189813 -308.223901 73.448097
-300.168301 -299.173363 62.146279
-300.168301 -299.173363 62.146279
-319.636033 -281.072287 59.063965
-320.717574 -274.032980 48.789585
-320.717574 -274.032980 48.789585
-320.717574 -274.032980 48.789585
-332.614521 -255.931904 80.640163
-348.837630 -231.797137 87.832229
-348.837630 -231.797137 87.832229
-342.348387 -229.785906 88.859667
-357.489956 -219.729753 100.161485
-357.489956 -219.729753 100.161485
-362.897659 -199.617447 84.749915
-386.691553 -195.594986 113.518179
-386.691553 -195.594986 113.518179
-399.670041 -178.499525 105.298675
-398.588500 -168.443372 80.640163
-398.588500 -168.443372 80.640163
-412.648529 -148.331066 76.530411
-419.137773 -136.263682 64.201155
-419.137773 -136.263682 64.201155
-435.360883 -127.213145 72.420659
-440.768586 -112.128915 61.118841
-440.768586 -112.128915 61.118841
-440.768586 -112.128915 61.118841
-452.665533 -92.016609 61.118841
-452.665533 -92.016609 61.118841
-452.665533 -92.016609 61.118841
-467.807102 -81.960456 42.624958
-476.459427 -81.960456 18.993884
-476.459427 -81.960456 18.993884
-486.193293 -76.932379 3.582314
-505.661025 -64.864995 2.554876
-505.661025 -64.864995 2.554876
-518.639513 -55.814457 -2.582314
-508.905647 -38.718997 -47.789585
-508.905647 -38.718997 -47.789585
-532.699541 -10.561768 -44.707271
-527.291838 2.511231 -81.695039
-543.514948 26.645998 -102.243799
-543.514948 26.645998 -102.243799
-534.862623 29.662844 -131.012063
-531.618001 42.735843 -167.999830
-531.618001 42.735843 -167.999830
-547.841110 41.730228 -162.862640
-537.025704 44.747074 -197.795532
-537.025704 44.747074 -197.795532
-526.210297 42.735843 -225.536357
-519.721053 44.747074 -246.085117
-519.721053 44.747074 -246.085117
-514.313350 44.747074 -261.496687
-515.394891 57.820073 -279.990571
-515.394891 57.820073 -279.990571
-497.008700 72.904302 -304.649083
-504.579484 89.999763 -300.539331
-504.579484 89.999763 -300.539331
-504.579484 89.999763 -300.539331
-491.600997 113.128915 -307.731397
-494.845618 126.201914 -308.758835
-494.845618 126.201914 -308.758835
-491.600997 134.246836 -316.978338
-487.274834 143.297374 -315.950900
-487.274834 143.297374 -315.950900
-478.622509 161.398450 -330.335032
-450.502452 170.448988 -363.213048
-450.502452 170.448988 -363.213048
-450.502452 176.482680 -352.938668
-450.502452 190.561294 -353.966106
-450.502452 190.561294 -353.966106
-426.708557 188.550063 -394.036188
-423.463935 195.589370 -384.789246
-423.463935 195.589370 -384.789246
-423.463935 195.589370 -384.789246
-388.854635 213.690446 -428.969079
-388.854635 213.690446 -428.969079
-388.854635 213.690446 -428.969079
-343.429927 221.735369 -463.901971
-318.554492 212.684831 -465.956847
-318.554492 212.684831 -465.956847
-296.923679 226.763445 -480.340979
-267.722082 232.797137 -485.478169
-267.722082 232.797137 -485.478169
-215.808130 237.825214 -513.218994
-179.035748 261.959981 -527.603126
-179.035748 261.959981 -527.603126
-139.018744 267.993673 -521.438498
-95.757118 290.117210 -538.904944
-95.757118 290.117210 -538.904944
-54.658573 292.128440 -522.465936
-14.641569 317.268823 -534.795192
-14.641569 317.268823 -534.795192
-14.641569 317.268823 -534.795192
55.658573 342.409206 -502.944614
95.675577 358.499051 -480.340979
95.675577 358.499051 -480.340979
158.404935 373.583281 -478.286103
203.829643 381.628203 -432.051393
203.829643 381.628203 -432.051393
257.906675 404.757355 -428.969079
278.455947 415.819124 -365.267924
278.455947 415.819124 -365.267924
295.760598 437.942661 -348.828916
313.065248 439.953891 -331.362470
313.065248 439.953891 -331.362470
315.228330 447.998814 -287.182637
335.777602 453.026890 -269.716191
335.777602 453.026890 -269.716191
354.163793 444.981968 -216.289416
385.528472 435.931430 -161.835202
385.528472 435.931430 -161.835202
385.528472 435.931430 -161.835202
424.463935 406.768586 -57.036527
408.240826 390.678741 22.076198
408.240826 390.678741 22.076198
403.914663 372.577665 52.899337
373.631525 354.476590 114.545617
373.631525 354.476590 114.545617
356.326874 359.504666 116.600493
311.983708 352.465359 171.054706
311.983708 352.465359 171.054706
289.271354 348.442898 176.191896
254.662053 339.392360 198.795532
254.662053 339.392360 198.795532
230.868159 315.257593 214.207102
211.400427 293.134056 233.728423
211.400427 293.134056 233.728423
177.872667 280.061057 273.798505
155.160313 279.055441 276.880819
155.160313 279.055441 276.880819
155.160313 279.055441 276.880819
98.920199 284.083518 282.018009
89.186333 280.061057 270.716191
89.186333 280.061057 270.716191
52.413951 267.993673 302.566769
19.967732 267.993673 288.182637
19.967732 267.993673 288.182637
1.581541 250.898213 287.155199
-18.967732 241.847675 282.018009
-18.967732 241.847675 282.018009
-41.680085 220.729753 286.127761
-63.310898 208.662370 286.127761
-63.310898 208.662370 286.127761
-63.310898 208.662370 286.127761
-111.980228 192.572525 279.963133
-153.078773 182.516371 270.716191
-153.078773 182.516371 270.716191
-199.585021 161.398450 289.210075
-237.438943 150.336681 261.469249
-8.152325 131.229991 244.002803
-285.026732 131.229991 244.002803
-333.696061 106.089608 230.646109
-371.549984 87.988532 199.822970
-371.549984 87.988532 199.822970
-392.099257 72.904302 154.615698
-419.137773 74.915533 132.012063
-419.137773 74.915533 132.012063
-445.094748 74.915533 122.765121
-444.013208 69.887457 93.996857
-444.013208 69.887457 93.996857
-456.991696 59.831303 77.557849
-476.459427 52.791996 42.624958
-476.459427 52.791996 42.624958
-492.682537 35.696536 14.884132
-507.824106 29.662844 -28.268264
-507.824106 29.662844 -28.268264
-507.824106 29.662844 -28.268264
-526.210297 -10.561768 -50.871899
-512.150269 -27.657229 -98.134047
-512.150269 -27.657229 -98.134047
-507.824106 -62.853765 -90.941981
-504.579484 -85.982917 -79.640163
-504.579484 -85.982917 -79.640163
-491.600997 -115.145761 -84.777353
-472.133265 -144.308605 -90.941981
-472.133265 -144.308605 -90.941981
-459.154777 -172.465834 -107.380989
-432.116261 -193.583755 -152.588260
-432.116261 -193.583755 -152.588260
-426.708557 -211.684831 -156.698012
-402.914663 -236.825214 -176.219334
-402.914663 -236.825214 -176.219334
-402.914663 -236.825214 -176.219334
-363.979200 -243.864521 -249.167431
-363.979200 -243.864521 -249.167431
-363.979200 -243.864521 -249.167431
-323.962196 -245.875751 -309.786273
-277.455947 -234.813983 -381.706932
-277.455947 -234.813983 -381.706932
-238.520484 -220.735369 -419.722137
-211.481968 -210.679215 -426.914203
-211.481968 -210.679215 -426.914203
-175.791126 -204.645524 -446.435525
-130.366419 -219.729753 -457.737343
-130.366419 -219.729753 -457.737343
-90.349415 -217.718523 -468.011723
-43.843167 -223.752214 -462.874533
-43.843167 -223.752214 -462.874533
21.049272 -226.769060 -481.368417
71.881683 -215.707292 -477.258665
71.881683 -215.707292 -477.258665
131.366419 -205.651139 -487.533045
185.443451 -204.645524 -480.340979
185.443451 -204.645524 -480.340979
185.443451 -204.645524 -480.340979
244.928187 -201.628678 -444.380649
274.129785 -194.589370 -448.490401
274.129785 -194.589370 -448.490401
290.352895 -191.572525 -415.612385
335.777602 -198.611832 -404.310567
335.777602 -198.611832 -404.310567
372.549984 -190.566909 -365.267924
408.240826 -181.516371 -323.142966
408.240826 -181.516371 -323.142966
459.073236 -169.448988 -297.457017
488.274834 -153.359143 -253.277183
488.274834 -153.359143 -253.277183
505.579484 -128.218760 -204.987598
535.862623 -111.123300 -187.521152
535.862623 -111.123300 -187.521152
535.862623 -111.123300 -187.521152
552.085732 -94.027839 -80.667601
552.085732 -94.027839 -80.667601
552.085732 -94.027839 -80.667601
528.291838 -68.887457 12.829256
512.068728 -70.898687 64.201155
512.068728 -70.898687 64.201155
475.296346 -66.876226 110.435865
448.257830 -70.898687 145.368756
448.257830 -70.898687 145.368756
428.790098 -73.915533 160.780326
381.202309 -66.876226 204.960160
381.202309 -66.876226 204.960160
336.859143 -79.949225 238.865613
295.760598 -95.033455 251.194869
295.760598 -95.033455 251.194869
224.378915 -105.089608 289.210075
159.486476 -126.207529 296.402141
159.486476 -126.207529 296.402141
159.486476 -126.207529 296.402141
10.233866 -177.493910 295.374703
-38.435463 -210.679215 273.798505
-38.435463 -210.679215 273.798505
-73.044764 -232.802752 229.618671
-118.469472 -255.931904 227.563795
-118.469472 -255.931904 227.563795
-141.181825 -265.988058 184.411400
-170.383423 -280.066672 171.054706
-170.383423 -280.066672 171.054706
-198.503480 -286.100364 159.752888
-221.215834 -288.111594 152.560822
-221.215834 -288.111594 152.560822
-227.705078 -305.207055 128.929749
-230.949699 -314.257593 77.557849
-255.825134 -329.341822 70.365783
-255.825134 -329.341822 70.365783
-274.211326 -336.381129 27.213388
-283.945191 -339.397975 -11.829256
-283.945191 -339.397975 -11.829256
-283.945191 -339.397975 -11.829256
-304.494464 -347.442898 -66.283469
-304.494464 -347.442898 -66.283469
-304.494464 -347.442898 -66.283469
-280.700569 -356.493436 -160.807764
-273.129785 -349.454128 -208.069912
-273.129785 -349.454128 -208.069912
-261.232838 -347.442898 -237.865613
-268.803622 -338.392360 -263.551563
-268.803622 -338.392360 -263.551563
-263.395919 -323.308130 -295.402141
-247.172809 -314.257593 -334.444784
-247.172809 -314.257593 -334.444784
-253.662053 -306.212670 -333.417346
-257.988216 -303.195824 -336.499660
-257.988216 -303.195824 -336.499660
-257.988216 -303.195824 -336.499660
-236.357403 -296.156517 -370.405114
-236.357403 -296.156517 -370.405114
-236.357403 -296.156517 -370.405114
-193.095777 -275.038595 -429.996517
-174.709586 -258.948750 -437.188583
-174.709586 -258.948750 -437.188583
-137.937203 -231.797137 -470.066599
-81.697090 -184.533217 -529.658002
-81.697090 -184.533217 -529.658002
-40.598545 -142.297374 -533.767754
23.212354 -80.954840 -577.947587
23.212354 -80.954840 -577.947587
81.615549 -38.718997 -581.029901
122.714094 0.500000 -568.700646
122.714094 0.500000 -568.700646
137.855663 42.735843 -558.426266
172.464964 62.848149 -565.618332
172.464964 62.848149 -565.618332
203.829643 95.027839 -568.700646
234.112781 129.218760 -555.343952
234.112781 129.218760 -555.343952
234.112781 129.218760 -555.343952
277.374407 192.572525 -493.697672
314.146789 221.735369 -477.258665
314.146789 221.735369 -477.258665
326.043736 252.909443 -462.874533
317.391411 284.083518 -425.886765
317.391411 284.083518 -425.886765
318.472952 309.223901 -421.777013
301.168301 346.431667 -400.200815
301.168301 346.431667 -400.200815
302.249842 369.560819 -409.447757
277.374407 403.751740 -364.240486
277.374407 403.751740 -364.240486
261.151297 426.880892 -337.527098
258.988216 457.049351 -332.389908
258.988216 457.049351 -332.389908
233.031240 483.195350 -287.182637
220.052752 502.302040 -248.139993
220.052752 502.302040 -248.139993
220.052752 502.302040 -248.139993
198.421939 525.431193 -192.658342
185.443451 526.436808 -147.451070
185.443451 526.436808 -147.451070
181.117289 532.470500 -132.039501
161.649557 530.459269 -79.640163
161.649557 530.459269 -79.640163
154.078773 530.459269 -46.762147
151.915691 529.453654 -33.405454
151.915691 529.453654 -33.405454
140.018744 518.391885 11.801818
122.714094 506.324502 64.201155
122.714094 506.324502 64.201155
110.817146 490.234657 100.161485
117.306390 471.127966 108.380989
101.083281 453.026890 141.259004
101.083281 453.026890 141.259004
68.637061 440.959506 178.246772
57.821655 412.802278 188.521152
57.821655 412.802278 188.521152
30.783138 366.543973 238.865613
6.989244 334.364283 249.139993
6.989244 334.364283 249.139993
-27.620057 281.066672 296.402141
-44.924707 243.858905 305.649083
-44.924707 243.858905 305.649083
-44.924707 243.858905 305.649083
-92.512496 171.454603 310.786273
-92.512496 171.454603 310.786273
-92.512496 171.454603 310.786273
-142.263366 120.168222 300.511893
-176.872667 97.039070 294.347265
-176.872667 97.039070 294.347265
-202.829643 74.915533 278.935695
-238.520484 48.769535 266.606439
-238.520484 48.769535 266.606439
-268.803622 27.651613 251.194869
-285.026732 4.522461 247.085117
-285.026732 4.522461 247.085117
-296.923679 -19.612306 245.030241
-293.679057 -37.713382 216.261978
-293.679057 -37.713382 216.261978
-305.576004 -68.887457 220.371730
-305.576004 -91.010993 197.768094
-305.576004 -91.010993 197.768094
-305.576004 -91.010993 197.768094
-334.777602 -136.263682 144.341318
-363.979200 -161.404065 138.176690
-363.979200 -161.404065 138.176690
-381.283850 -171.460218 106.326113
-382.365391 -182.521987 49.817023
-382.365391 -182.521987 49.817023
-382.365391 -182.521987 49.817023
-432.116261 -180.510756 -8.746942
-436.442423 -176.488295 -73.475535
-436.442423 -176.488295 -73.475535
-459.154777 -173.471449 -90.941981
-463.480940 -155.370373 -120.737683
-463.480940 -155.370373 -120.737683
-452.665533 -164.420911 -141.286442
-447.257830 -161.404065 -175.191896
-447.257830 -161.404065 -175.191896
-440.768586 -164.420911 -192.658342
-441.850127 -152.353527 -220.399168
-441.850127 -152.353527 -220.399168
-444.013208 -144.308605 -239.920489
-423.463935 -133.246836 -296.429579
-423.463935 -133.246836 -296.429579
-409.403907 -131.235606 -313.896024
-403.996204 -108.106454 -342.664288
-403.996204 -108.106454 -342.664288
-403.996204 -108.106454 -342.664288
-362.897659 -84.977301 -405.338005
-335.859143 -75.926764 -428.969079
-335.859143 -75.926764 -428.969079
-292.597517 -73.915533 -469.039161
-263.395919 -63.859380 -490.615358
-263.395919 -63.859380 -490.615358
-228.786618 -44.752689 -512.191556
-192.014236 -16.595460 -531.712878
-192.014236 -16.595460 -531.712878
-137.937203 3.516846 -553.289076
-84.941711 41.730228 -566.645770
-84.941711 41.730228 -566.645770
-37.353923 66.870611 -574.865274
-14.641569 88.994147 -559.453704
-14.641569 88.994147 -559.453704
-14.641569 88.994147 -559.453704
48.087789 120.168222 -561.508580
48.087789 120.168222 -561.508580
48.087789 120.168222 -561.508580
103.246362 156.370373 -550.206762
134.611041 177.488295 -528.630564
134.611041 177.488295 -528.630564
173.546504 205.645524 -525.548250
205.992724 235.813983 -514.246432
205.992724 235.813983 -514.246432
229.786618 262.965596 -485.478169
263.314378 277.044211 -462.874533
263.314378 277.044211 -462.874533
310.902167 281.066672 -455.682467
328.206817 282.072287 -415.612385
328.206817 282.072287 -415.612385
350.919171 274.027365 -420.749575
362.816118 254.920674 -402.255691
362.816118 254.920674 -402.255691
362.816118 254.920674 -402.255691
425.545476 222.740984 -396.091064
425.545476 222.740984 -396.091064
425.545476 222.740984 -396.091064
482.867131 190.561294 -343.691726
496.927159 158.381604 -312.868586
496.927159 158.381604 -312.868586
514.231810 134.246836 -296.429579
525.047216 117.151376 -289.237513
525.047216 117.151376 -289.237513
542.351866 76.926764 -251.222307
557.493436 53.797612 -228.618671
557.493436 53.797612 -228.618671
565.064220 8.544922 -193.685780
561.819598 -12.572999 -158.752888
561.819598 -12.572999 -158.752888
560.738058 -37.713382 -132.039501
558.574976 -69.893072 -99.161485
558.574976 -69.893072 -99.161485
558.574976 -69.893072 -99.161485
532.618001 -109.112069 -20.048760
532.618001 -109.112069 -20.048760
532.618001 -109.112069 -20.048760
455.828614 -119.168222 104.271237
417.974692 -119.168222 139.204128
417.974692 -119.168222 139.204128
369.305362 -123.190683 184.411400
336.859143 -136.263682 187.493714
336.859143 -136.263682 187.493714
289.271354 -149.336681 210.097350
243.846647 -173.471449 218.316854
243.846647 -173.471449 218.316854
186.524992 -192.578140 237.838175
151.915691 -215.707292 220.371730
151.915691 -215.707292 220.371730
116.224850 -237.830829 237.838175
81.615549 -248.892597 233.728423
81.615549 -248.892597 233.728423
81.615549 -248.892597 233.728423
14.560028 -260.959981 202.905284
14.560028 -260.959981 202.905284
14.560028 -260.959981 202.905284
-100.083281 -252.915059 193.658342
-146.589529 -249.898213 186.466276
-146.589529 -249.898213 186.466276
-203.911183 -227.774676 180.301648
-252.580512 -214.701677 160.780326
-252.580512 -214.701677 160.780326
-295.842139 -196.600601 135.094376
-354.245334 -180.510756 135.094376
-354.245334 -180.510756 135.094376
-354.245334 -180.510756 135.094376
-424.545476 -139.280528 35.432892
-459.154777 -128.218760 27.213388
-459.154777 -128.218760 27.213388
-466.725562 -121.179453 -28.268264
-478.622509 -114.140146 -60.118841
-478.622509 -114.140146 -60.118841
-486.193293 -105.089608 -100.188923
-492.682537 -100.061531 -122.792559
-492.682537 -100.061531 -122.792559
-492.682537 -100.061531 -122.792559
-491.600997 -118.162607 -165.944954
-491.600997 -118.162607 -165.944954
-491.600997 -118.162607 -165.944954
-463.480940 -152.353527 -202.932722
-438.605505 -172.465834 -221.426606
-438.605505 -172.465834 -221.426606
-410.485448 -193.583755 -251.222307
-391.017716 -211.684831 -261.496687
-391.017716 -211.684831 -261.496687
-368.305362 -248.892597 -240.947927
-331.532980 -269.004904 -262.524125
-331.532980 -269.004904 -262.524125
-300.168301 -294.145286 -250.194869
-287.189813 -322.302515 -223.481481
-287.189813 -322.302515 -223.481481
-287.189813 -322.302515 -223.481481
-232.031240 -361.521512 -192.658342
-232.031240 -361.521512 -192.658342
-232.031240 -361.521512 -192.658342
-188.769614 -383.645049 -176.219334
-172.546504 -391.689972 -151.560822
-172.546504 -391.689972 -151.560822
-167.138801 -403.757355 -102.243799
-137.937203 -410.796662 -112.518179
-137.937203 -410.796662 -112.518179
-122.795634 -409.791047 -105.326113
-105.490984 -418.841585 -103.271237
-105.490984 -418.841585 -103.271237
-77.370927 -424.875277 -115.600493
-35.190842 -437.948276 -121.765121
-35.190842 -437.948276 -121.765121
-3.826163 -445.993198 -106.353551
48.087789 -437.948276 -115.600493
48.087789 -437.948276 -115.600493
48.087789 -437.948276 -115.600493
157.323394 -438.953891 -65.256031
157.323394 -438.953891 -65.256031
157.323394 -438.953891 -65.256031
235.194321 -401.746125 -11.829256
262.232838 -369.566435 47.762147
262.232838 -369.566435 47.762147
292.515976 -330.347438 104.271237
286.026732 -258.948750 190.576028
286.026732 -258.948750 190.576028
274.129785 -180.510756 254.277183
253.580512 -88.999763 285.100323
253.580512 -88.999763 285.100323
235.194321 -1.511231 324.142966
214.645049 81.954840 324.142966
214.645049 81.954840 324.142966
214.645049 81.954840 324.142966
188.688073 209.667985 303.594207
188.688073 209.667985 303.594207
188.688073 209.667985 303.594207
146.507988 297.156517 297.429579
137.855663 330.341822 276.880819
137.855663 330.341822 276.880819
146.507988 355.482205 263.524125
181.117289 377.605742 225.508919
181.117289 377.605742 225.508919
198.421939 390.678741 212.152226
218.971212 403.751740 177.219334
218.971212 403.751740 177.219334
223.297374 403.751740 188.521152
238.438943 419.841585 156.670574
238.438943 419.841585 156.670574
250.335891 422.858431 139.204128
241.683565 439.953891 118.655369
241.683565 439.953891 118.655369
243.846647 463.083043 82.695039
228.705078 493.251503 38.515206
228.705078 493.251503 38.515206
228.705078 493.251503 38.515206
215.726590 515.375040 -38.542644
215.726590 515.375040 -38.542644
215.726590 515.375040 -38.542644
194.095777 525.431193 -96.079171
211.400427 529.453654 -160.807764
211.400427 529.453654 -160.807764
204.911183 518.391885 -172.109582
217.889671 511.352578 -233.755861
217.889671 511.352578 -233.755861
217.889671 494.257118 -260.469249
240.602025 468.111120 -286.155199
240.602025 468.111120 -286.155199
253.580512 444.981968 -312.868586
278.455947 419.841585 -352.938668
308.739086 383.639434 -369.377676
308.739086 383.639434 -369.377676
327.125277 361.515897 -393.008750
348.756090 331.347438 -395.063626
348.756090 331.347438 -395.063626
364.979200 313.246362 -406.365443
376.876147 287.100364 -403.283129
376.876147 287.100364 -403.283129
381.202309 257.937520 -394.036188
399.588500 232.797137 -414.584947
399.588500 232.797137 -414.584947
399.588500 232.797137 -414.584947
414.730070 188.550063 -424.859327
417.974692 154.359143 -399.173378
417.974692 154.359143 -399.173378
441.768586 125.196299 -426.914203
450.420911 84.971686 -393.008750
450.420911 84.971686 -393.008750
464.480940 53.797612 -378.624618
477.459427 23.629152 -366.295362
477.459427 23.629152 -366.295362
492.600997 -25.645998 -339.581974
506.661025 -61.848149 -322.115528
506.661025 -100.061531 -278.963133
506.661025 -100.061531 -278.963133
508.824106 -127.213145 -254.304621
508.824106 -151.347912 -211.152226
508.824106 -151.347912 -211.152226
513.150269 -184.533217 -172.109582
505.579484 -203.639908 -124.847435
505.579484 -203.639908 -124.847435
503.416403 -206.656754 -96.079171
481.785590 -220.735369 -27.240826
481.785590 -220.735369 -27.240826
481.785590 -220.735369 -27.240826
430.953179 -211.684831 64.201155
430.953179 -211.684831 64.201155
430.953179 -211.684831 64.201155
342.266846 -199.617447 178.246772
319.554492 -191.572525 183.383962
319.554492 -191.572525 183.383962
263.314378 -185.538833 232.700985
221.134293 -169.448988 248.112555
221.134293 -169.448988 248.112555
191.932695 -167.437757 272.771067
171.383423 -150.342297 269.688753
171.383423 -150.342297 269.688753
158.404935 -151.347912 275.853381
140.018744 -142.297374 272.771067
140.018744 -142.297374 272.771067
111.898687 -138.274913 293.319827
94.594037 -128.218760 299.484455
94.594037 -128.218760 299.484455
94.594037 -111.123300 283.045447
88.104793 -106.095223 280.990571
66.473980 -101.067146 314.896024
66.473980 -101.067146 314.896024
48.087789 -76.932379 292.292389
5.907703 -51.791996 317.978338
5.907703 -51.791996 317.978338
-46.006248 -14.584230 323.115528
-95.757118 16.589845 304.621645
-95.757118 16.589845 304.621645
-162.812638 45.752689 295.374703
-233.112781 55.808842 285.100323
-233.112781 55.808842 285.100323
-291.515976 70.893072 248.112555
-341.266846 81.954840 204.960160
-341.266846 81.954840 204.960160
-341.266846 81.954840 204.960160
-431.034720 116.145761 113.518179
-431.034720 116.145761 113.518179
-431.034720 116.145761 113.518179
-513.231810 135.252452 12.829256
-522.965675 158.381604 -22.103636
-522.965675 158.381604 -22.103636
-522.965675 186.538833 -83.749915
-515.394891 224.752214 -159.780326
-515.394891 224.752214 -159.780326
-505.661025 241.847675 -193.685780
-474.296346 260.954366 -272.798505
-474.296346 260.954366 -272.798505
-433.197801 276.038595 -329.307594
-386.691553 294.139671 -378.624618
-386.691553 294.139671 -378.624618
-331.532980 306.207055 -423.831889
-264.477460 316.263208 -460.819657
-264.477460 316.263208 -460.819657
-264.477460 316.263208 -460.819657
-150.915691 309.223901 -488.560483
-119.551012 298.162132 -513.218994
-119.551012 298.162132 -513.218994
-111.980228 271.010519 -512.191556
-94.675577 248.886982 -523.493374
-94.675577 248.886982 -523.493374
-66.555520 242.853290 -540.959820
-29.783138 235.813983 -548.151886
-29.783138 235.813983 -548.151886
35.109301 222.740984 -564.590894
83.778630 222.740984 -560.481142
83.778630 222.740984 -560.481142
155.160313 202.628678 -548.151886
202.748102 196.594986 -522.465936
202.748102 196.594986 -522.465936
273.048244 174.471449 -513.218994
322.799114 164.415296 -478.286103
322.799114 164.415296 -478.286103
322.799114 164.415296 -478.286103
432.034720 163.409680 -428.969079
432.034720 163.409680 -428.969079
432.034720 163.409680 -428.969079
501.253322 190.561294 -329.307594
521.802594 199.611832 -257.386935
521.802594 199.611832 -257.386935
539.107245 228.774676 -231.700985
538.025704 247.881367 -182.383962
538.025704 247.881367 -182.383962
522.884135 254.920674 -108.408427
517.476432 262.965596 -67.310907
504.497944 270.004904 -33.405454
504.497944 270.004904 -33.405454
506.661025 276.038595 -19.021322
476.377887 274.027365 41.597520
476.377887 274.027365 41.597520
476.377887 274.027365 41.597520
430.953179 284.083518 112.490741
388.773094 291.122825 146.396194
388.773094 291.122825 146.396194
361.734578 291.122825 163.862640
308.739086 294.139671 211.124788
308.739086 294.139671 211.124788
273.048244 282.072287 231.673547
235.194321 273.021749 239.893051
235.194321 273.021749 239.893051
187.606533 258.943135 279.963133
143.263366 263.971212 291.264951
143.263366 263.971212 291.264951
108.654065 275.032980 292.292389
81.615549 281.066672 277.908257
81.615549 281.066672 277.908257
44.843167 297.156517 280.990571
12.396947 318.274438 270.716191
12.396947 318.274438 270.716191
12.396947 318.274438 270.716191
-44.924707 371.572050 220.371730
-82.778630 388.667510 223.454043
-82.778630 388.667510 223.454043
-117.387931 402.746125 196.740656
-144.426447 399.729279 171.054706
-144.426447 399.729279 171.054706
-184.443451 398.723663 163.862640
-212.563508 397.718048 143.313880
-212.563508 397.718048 143.313880
-264.477460 395.706817 156.670574
-296.923679 386.656280 138.176690
-296.923679 386.656280 138.176690
-296.923679 386.656280 138.176690
-351.000712 383.639434 55.981651
-374.794606 384.645049 14.884132
-374.794606 384.645049 14.884132
-399.670041 373.583281 3.582314
-425.627017 371.572050 -26.213388
-425.627017 371.572050 -26.213388
-428.871639 362.521512 -69.365783
-434.279342 363.527127 -99.161485
-434.279342 363.527127 -99.161485
-427.790098 373.583281 -146.423632
-419.137773 376.600127 -178.274210
-419.137773 376.600127 -178.274210
-408.322366 385.650664 -203.960160
-396.425419 396.712433 -215.261978
-396.425419 396.712433 -215.261978
-396.425419 396.712433 -215.261978
-347.756090 429.897738 -274.853381
-347.756090 429.897738 -274.853381
-347.756090 429.897738 -274.853381
-274.211326 455.038121 -304.649083
-232.031240 477.161658 -327.252718
-232.031240 477.161658 -327.252718
-199.585021 497.273964 -306.703959
-149.834151 515.375040 -324.170404
-149.834151 515.375040 -324.170404
-95.757118 517.386270 -323.142966
-49.250870 530.459269 -308.758835
-49.250870 530.459269 -308.758835
15.641569 531.464885 -306.703959
83.778630 532.470500 -295.402141
83.778630 532.470500 -295.402141
148.671069 540.515422 -271.771067
221.134293 528.448039 -243.002803
221.134293 528.448039 -243.002803
221.134293 528.448039 -243.002803
315.228330 508.335732 -116.627931
345.511468 477.161658 -34.432892
345.511468 477.161658 -34.432892
371.468444 432.914584 35.432892
393.099257 392.689972 72.420659
393.099257 392.689972 72.420659
406.077744 336.375514 122.765121
435.279342 278.049826 133.039501
435.279342 278.049826 133.039501
421.219314 208.662370 190.576028
415.811610 144.302990 214.207102
415.811610 144.302990 214.207102
410.403907 77.932379 229.618671
416.893151 17.595460 202.905284
416.893151 17.595460 202.905284
398.506960 -36.707767 221.399168
411.485448 -77.937994 197.768094
411.485448 -77.937994 197.768094
411.485448 -77.937994 197.768094
421.219314 -128.218760 159.752888
430.953179 -142.297374 122.765121
430.953179 -142.297374 122.765121
438.523964 -168.443372 107.353551
450.420911 -185.538833 68.310907
450.420911 -185.538833 68.310907
461.236318 -207.662370 37.487768
449.339370 -224.757830 33.378016
449.339370 -224.757830 33.378016
461.236318 -233.808368 -30.323140
454.747074 -244.870136 -70.393221
454.747074 -244.870136 -70.393221
461.236318 -254.926289 -125.874873
445.013208 -250.903828 -144.368756
445.013208 -250.903828 -144.368756
445.013208 -250.903828 -144.368756
452.583992 -232.802752 -248.139993
456.910155 -214.701677 -276.908257
456.910155 -214.701677 -276.908257
460.154777 -197.606216 -278.963133
466.644021 -200.623062 -276.908257
466.644021 -200.623062 -276.908257
463.399399 -196.600601 -287.182637
449.339370 -194.589370 -305.676521
449.339370 -194.589370 -305.676521
449.339370 -194.589370 -305.676521
425.545476 -155.370373 -378.624618
400.670041 -135.258067 -383.761808
400.670041 -135.258067 -383.761808
374.713065 -110.117684 -407.392881
347.674549 -86.988532 -435.133707
347.674549 -86.988532 -435.133707
337.940683 -65.870611 -479.313541
293.597517 -28.662844 -490.615358
293.597517 -28.662844 -490.615358
275.211326 -3.522461 -531.712878
228.705078 34.690921 -526.575688
228.705078 34.690921 -526.575688
213.563508 65.864995 -562.536018
178.954208 85.977301 -539.932382
178.954208 85.977301 -539.932382
178.954208 85.977301 -539.932382
125.958716 125.196299 -558.426266
106.490984 153.353527 -557.398828
106.490984 153.353527 -557.398828
95.675577 174.471449 -568.700646
79.452468 189.555679 -574.865274
79.452468 189.555679 -574.865274
59.984736 205.645524 -575.892712
25.375435 214.696061 -557.398828
25.375435 214.696061 -557.398828
-3.826163 238.830829 -569.728084
-30.864679 249.892597 -535.822630
-30.864679 249.892597 -535.822630
-31.946220 267.993673 -539.932382
-48.169329 292.128440 -531.712878
-48.169329 292.128440 -531.712878
-48.169329 292.128440 -531.712878
-64.392439 296.150902 -514.246432
-62.229358 296.150902 -514.246432
-62.229358 296.150902 -514.246432
-58.984736 288.105979 -537.877506
-69.800142 287.100364 -549.179324
-69.800142 287.100364 -549.179324
-80.615549 280.061057 -543.014696
-84.941711 272.016134 -549.179324
-84.941711 272.016134 -549.179324
-79.534008 268.999288 -543.014696
